# N mean
1.5205630064010620e+00
8.5185593366622925e-01
1.0176697969436646e+00
1.1120823621749878e+00
1.2366542816162109e+00
9.6265429258346558e-01
8.2594197988510132e-01
8.8578534126281738e-01
7.6884520053863525e-01
7.5815165042877197e-01
7.2851890325546265e-01
7.4169343709945679e-01
6.9189804792404175e-01
6.8106269836425781e-01
7.5943779945373535e-01
8.2125949859619141e-01
8.2631099224090576e-01
8.4439873695373535e-01
7.6968342065811157e-01
7.7224457263946533e-01
6.9018065929412842e-01
6.4647519588470459e-01
5.9278905391693115e-01
6.2694495916366577e-01
5.8066862821578979e-01
5.6613647937774658e-01
5.2255260944366455e-01
4.7983384132385254e-01
5.3214210271835327e-01
5.0289642810821533e-01
5.0405448675155640e-01
5.3571957349777222e-01
5.4487711191177368e-01
5.2555996179580688e-01
5.3661990165710449e-01
5.3762656450271606e-01
5.3608936071395874e-01
5.7246398925781250e-01
5.5464565753936768e-01
5.7363140583038330e-01
5.7379245758056641e-01
5.9131503105163574e-01
5.8223062753677368e-01
6.0705697536468506e-01
5.9023225307464600e-01
5.7864838838577271e-01
5.9661704301834106e-01
6.2079334259033203e-01
5.9198665618896484e-01
6.1710655689239502e-01
6.1633950471878052e-01
5.9022080898284912e-01
5.7109665870666504e-01
5.7884818315505981e-01
5.9870004653930664e-01
5.8884251117706299e-01
5.6434553861618042e-01
5.3840970993041992e-01
5.3560799360275269e-01
5.1316928863525391e-01
5.0008189678192139e-01
5.2285325527191162e-01
5.4164326190948486e-01
5.5744194984436035e-01
5.4578894376754761e-01
5.4690247774124146e-01
5.4061466455459595e-01
5.5149894952774048e-01
5.5129760503768921e-01
5.5775290727615356e-01
5.5827498435974121e-01
5.3826892375946045e-01
5.3518187999725342e-01
5.5221325159072876e-01
5.6874948740005493e-01
5.7656669616699219e-01
5.6716817617416382e-01
5.7548141479492188e-01
5.7984161376953125e-01
5.7337039709091187e-01
5.7942241430282593e-01
5.6623339653015137e-01
5.6327044963836670e-01
5.7609134912490845e-01
5.8681499958038330e-01
5.7988709211349487e-01
5.6962293386459351e-01
5.8224219083786011e-01
5.7627403736114502e-01
5.8164888620376587e-01
5.9580004215240479e-01
5.9764915704727173e-01
6.0167348384857178e-01
6.1203896999359131e-01
6.0895103216171265e-01
6.2106513977050781e-01
6.1667591333389282e-01
6.2512105703353882e-01
6.2943959236145020e-01
6.4047431945800781e-01
6.3856339454650879e-01
6.2884688377380371e-01
6.4071005582809448e-01
6.5147614479064941e-01
6.3996660709381104e-01
6.4943099021911621e-01
6.5198993682861328e-01
6.4869242906570435e-01
6.5061992406845093e-01
6.4327955245971680e-01
6.4971852302551270e-01
6.4322435855865479e-01
6.4055073261260986e-01
6.3211011886596680e-01
6.2281000614166260e-01
6.1596429347991943e-01
6.1642044782638550e-01
6.1331099271774292e-01
6.0402953624725342e-01
6.1333274841308594e-01
6.0255742073059082e-01
5.9252190589904785e-01
5.9165859222412109e-01
5.9722125530242920e-01
6.0807752609252930e-01
6.1757701635360718e-01
6.2100821733474731e-01
6.1732506752014160e-01
6.2222421169281006e-01
6.1825317144393921e-01
6.1263656616210938e-01
6.0569834709167480e-01
6.0680931806564331e-01
6.0029017925262451e-01
5.9182256460189819e-01
5.9626835584640503e-01
5.8736443519592285e-01
5.9311109781265259e-01
5.8519166707992554e-01
5.8983469009399414e-01
5.8014500141143799e-01
5.8908981084823608e-01
5.7907932996749878e-01
5.7897937297821045e-01
5.7173562049865723e-01
5.6590306758880615e-01
5.7153224945068359e-01
5.7576489448547363e-01
5.7840865850448608e-01
5.8723402023315430e-01
5.8942699432373047e-01
5.9396505355834961e-01
5.8537989854812622e-01
5.7771319150924683e-01
5.7760298252105713e-01
5.6899464130401611e-01
5.6033682823181152e-01
5.5434709787368774e-01
5.5327743291854858e-01
5.5893838405609131e-01
5.5993849039077759e-01
5.6430143117904663e-01
5.5566042661666870e-01
5.4906135797500610e-01
5.5785483121871948e-01
5.5216282606124878e-01
5.5885565280914307e-01
5.5181723833084106e-01
5.6034731864929199e-01
5.5212277173995972e-01
5.5831867456436157e-01
5.5052018165588379e-01
5.4162979125976562e-01
5.4868489503860474e-01
5.5001628398895264e-01
5.4428386688232422e-01
5.3832405805587769e-01
5.3628331422805786e-01
5.4300284385681152e-01
5.4809218645095825e-01
5.4549103975296021e-01
5.4610621929168701e-01
5.4715639352798462e-01
5.4612690210342407e-01
5.4891628026962280e-01
5.4219585657119751e-01
5.4246449470520020e-01
5.4634433984756470e-01
5.4299271106719971e-01
5.5053848028182983e-01
5.5148285627365112e-01
5.5711489915847778e-01
5.6067097187042236e-01
5.6235164403915405e-01
5.5488455295562744e-01
5.5839741230010986e-01
5.6317567825317383e-01
5.6930172443389893e-01
5.7458066940307617e-01
5.7917332649230957e-01
5.8593517541885376e-01
5.8913064002990723e-01
5.9465265274047852e-01
6.0130041837692261e-01
6.0324841737747192e-01
6.0270726680755615e-01
5.9734106063842773e-01
6.0163289308547974e-01
6.0672962665557861e-01
6.0017848014831543e-01
6.0183221101760864e-01
5.9778642654418945e-01
5.9915101528167725e-01
5.9489053487777710e-01
5.9724849462509155e-01
5.9425479173660278e-01
5.9145331382751465e-01
5.8733785152435303e-01
5.8110564947128296e-01
5.8255165815353394e-01
5.7842683792114258e-01
5.8011585474014282e-01
5.7990038394927979e-01
5.8585792779922485e-01
5.8254355192184448e-01
5.8279031515121460e-01
5.8532345294952393e-01
5.7986080646514893e-01
5.7913845777511597e-01
5.8000141382217407e-01
5.8542543649673462e-01
5.8442252874374390e-01
5.8195310831069946e-01
5.8606040477752686e-01
5.8485823869705200e-01
5.7818377017974854e-01
5.7589113712310791e-01
5.7681363821029663e-01
5.8067518472671509e-01
5.7701271772384644e-01
5.7887750864028931e-01
5.7834017276763916e-01
5.7779479026794434e-01
5.7507789134979248e-01
5.7736843824386597e-01
5.7318264245986938e-01
5.7436597347259521e-01
5.6851202249526978e-01
5.6720054149627686e-01
5.6928354501724243e-01
5.7108646631240845e-01
5.7244288921356201e-01
5.7034373283386230e-01
5.6634187698364258e-01
5.6736528873443604e-01
5.6859225034713745e-01
5.7101869583129883e-01
5.6874775886535645e-01
5.7126730680465698e-01
5.6755721569061279e-01
5.7213646173477173e-01
5.7397669553756714e-01
5.7544219493865967e-01
5.7239806652069092e-01
5.7249206304550171e-01
5.6756889820098877e-01
5.6462478637695312e-01
5.6860810518264771e-01
5.7042884826660156e-01
5.6565397977828979e-01
5.6110852956771851e-01
5.5935740470886230e-01
5.5998277664184570e-01
5.6078439950942993e-01
5.6238031387329102e-01
5.5985838174819946e-01
5.6262898445129395e-01
5.6011998653411865e-01
5.5807268619537354e-01
5.5454123020172119e-01
5.5951827764511108e-01
5.5402618646621704e-01
5.5730587244033813e-01
5.5532389879226685e-01
5.5184769630432129e-01
5.5100029706954956e-01
5.5561673641204834e-01
5.5978751182556152e-01
5.6233012676239014e-01
5.6417465209960938e-01
5.6004834175109863e-01
5.6175148487091064e-01
5.6035125255584717e-01
5.6294471025466919e-01
5.6723690032958984e-01
5.7122874259948730e-01
5.7464468479156494e-01
5.7140976190567017e-01
5.7411730289459229e-01
5.7435065507888794e-01
5.7208323478698730e-01
5.7586705684661865e-01
5.7967251539230347e-01
5.8310103416442871e-01
5.8281028270721436e-01
5.8328670263290405e-01
5.7971984148025513e-01
5.7725888490676880e-01
5.8054840564727783e-01
5.8021503686904907e-01
5.7960665225982666e-01
5.8270668983459473e-01
5.8240389823913574e-01
5.8014512062072754e-01
5.7684707641601562e-01
5.7835245132446289e-01
5.8025872707366943e-01
5.7660120725631714e-01
5.7733076810836792e-01
5.7701808214187622e-01
5.7993829250335693e-01
5.8177936077117920e-01
5.7853734493255615e-01
5.7572054862976074e-01
5.7547396421432495e-01
5.7175707817077637e-01
5.6821870803833008e-01
5.6673431396484375e-01
5.6493401527404785e-01
5.6866353750228882e-01
5.7215833663940430e-01
5.7304430007934570e-01
5.7585942745208740e-01
5.7848972082138062e-01
5.7822024822235107e-01
5.7651394605636597e-01
5.7534623146057129e-01
5.7653301954269409e-01
5.7727080583572388e-01
5.7491624355316162e-01
5.7162821292877197e-01
5.6766915321350098e-01
5.6404197216033936e-01
5.6513959169387817e-01
5.6376469135284424e-01
5.6174457073211670e-01
5.6010884046554565e-01
5.5641156435012817e-01
5.5562525987625122e-01
5.5919057130813599e-01
5.5973619222640991e-01
5.5756759643554688e-01
5.5875366926193237e-01
5.6080615520477295e-01
5.6052863597869873e-01
5.5747044086456299e-01
5.6052821874618530e-01
5.6141221523284912e-01
5.6138920783996582e-01
5.5878406763076782e-01
5.5909955501556396e-01
5.5832469463348389e-01
5.6089079380035400e-01
5.5985307693481445e-01
5.5758774280548096e-01
5.5600428581237793e-01
5.5772656202316284e-01
5.5870002508163452e-01
5.6248277425765991e-01
5.6100231409072876e-01
5.6405270099639893e-01
5.6094563007354736e-01
5.6006467342376709e-01
5.5593675374984741e-01
5.5805385112762451e-01
5.6008875370025635e-01
5.5828750133514404e-01
5.5507516860961914e-01
5.5782324075698853e-01
5.5941587686538696e-01
5.5571001768112183e-01
5.5516451597213745e-01
5.5883091688156128e-01
5.6030201911926270e-01
5.5789250135421753e-01
5.5753964185714722e-01
5.6022185087203979e-01
5.5692678689956665e-01
5.5369222164154053e-01
5.5265372991561890e-01
5.5099809169769287e-01
5.5207043886184692e-01
5.5429744720458984e-01
5.5135536193847656e-01
5.4781907796859741e-01
5.4431515932083130e-01
5.4388397932052612e-01
5.4589086771011353e-01
5.4722005128860474e-01
5.4667115211486816e-01
5.4370522499084473e-01
5.4426544904708862e-01
5.4474097490310669e-01
5.4485225677490234e-01
5.4544556140899658e-01
5.4431331157684326e-01
5.4276180267333984e-01
5.4551523923873901e-01
5.4523217678070068e-01
5.4270595312118530e-01
5.4340296983718872e-01
5.4348510503768921e-01
5.4424369335174561e-01
5.4483389854431152e-01
5.4280048608779907e-01
5.4507601261138916e-01
5.4187506437301636e-01
5.3889572620391846e-01
5.4183673858642578e-01
5.3937745094299316e-01
5.3915375471115112e-01
5.3710949420928955e-01
5.3933924436569214e-01
5.3776645660400391e-01
5.3666955232620239e-01
5.3924739360809326e-01
5.3806120157241821e-01
5.4017961025238037e-01
5.4119884967803955e-01
5.3786808252334595e-01
5.3609204292297363e-01
5.3794085979461670e-01
5.3872597217559814e-01
5.4096007347106934e-01
5.3954285383224487e-01
5.3753250837326050e-01
5.3537350893020630e-01
5.3606289625167847e-01
5.3331375122070312e-01
5.3442853689193726e-01
5.3627061843872070e-01
5.3767812252044678e-01
5.3556388616561890e-01
5.3481614589691162e-01
5.3349512815475464e-01
5.3297615051269531e-01
5.3109699487686157e-01
5.3026252985000610e-01
5.3041458129882812e-01
5.2804511785507202e-01
5.2835148572921753e-01
5.2506691217422485e-01
5.2421832084655762e-01
5.2338629961013794e-01
5.2205193042755127e-01
5.2356541156768799e-01
5.2194130420684814e-01
5.2287369966506958e-01
5.2316582202911377e-01
5.2585190534591675e-01
5.2700614929199219e-01
5.2895927429199219e-01
5.3017866611480713e-01
5.2889782190322876e-01
5.2977687120437622e-01
5.2653276920318604e-01
5.2668768167495728e-01
5.2883517742156982e-01
5.2953135967254639e-01
5.3037935495376587e-01
5.3043276071548462e-01
5.2973723411560059e-01
5.2880007028579712e-01
5.3012454509735107e-01
5.3196781873703003e-01
5.3302133083343506e-01
5.3076893091201782e-01
5.2777290344238281e-01
5.2498149871826172e-01
5.2609020471572876e-01
5.2408760786056519e-01
5.2477806806564331e-01
5.2597087621688843e-01
5.2633762359619141e-01
5.2319753170013428e-01
5.2009856700897217e-01
5.1885753870010376e-01
5.1735317707061768e-01
5.1827085018157959e-01
5.2042269706726074e-01
5.1843297481536865e-01
5.1742815971374512e-01
5.1841109991073608e-01
5.2067553997039795e-01
5.2156287431716919e-01
5.2038973569869995e-01
5.2267271280288696e-01
5.2073723077774048e-01
5.1863437891006470e-01
5.1861786842346191e-01
5.2055048942565918e-01
5.2155929803848267e-01
5.2392697334289551e-01
5.2204090356826782e-01
5.2137064933776855e-01
5.2255016565322876e-01
5.2468866109848022e-01
5.2491992712020874e-01
5.2627938985824585e-01
5.2877193689346313e-01
5.2714884281158447e-01
5.2959525585174561e-01
5.2983838319778442e-01
5.3231006860733032e-01
5.3221470117568970e-01
5.3245794773101807e-01
5.3494328260421753e-01
5.3661119937896729e-01
5.3835648298263550e-01
5.3882789611816406e-01
5.3965848684310913e-01
5.4242908954620361e-01
5.4484808444976807e-01
5.4375797510147095e-01
5.4581350088119507e-01
5.4623490571975708e-01
5.4693138599395752e-01
5.4831600189208984e-01
5.4978656768798828e-01
5.5136191844940186e-01
5.4992502927780151e-01
5.5041980743408203e-01
5.5015951395034790e-01
5.4819452762603760e-01
5.4976141452789307e-01
5.5171191692352295e-01
5.5369949340820312e-01
5.5451655387878418e-01
5.5392831563949585e-01
5.5445051193237305e-01
5.5488723516464233e-01
5.5559188127517700e-01
5.5570250749588013e-01
5.5366086959838867e-01
5.5399733781814575e-01
5.5133229494094849e-01
5.5234032869338989e-01
5.5234414339065552e-01
5.5406635999679565e-01
5.5405014753341675e-01
5.5184304714202881e-01
5.5169373750686646e-01
5.5165636539459229e-01
5.4911822080612183e-01
5.5072891712188721e-01
5.5001527070999146e-01
5.5066692829132080e-01
5.5031865835189819e-01
5.4831802845001221e-01
5.4776602983474731e-01
5.4632812738418579e-01
5.4574799537658691e-01
5.4309546947479248e-01
5.4417651891708374e-01
5.4448974132537842e-01
5.4606992006301880e-01
5.4642611742019653e-01
5.4606312513351440e-01
5.4586285352706909e-01
5.4838854074478149e-01
5.4598534107208252e-01
5.4367202520370483e-01
5.4433280229568481e-01
5.4476404190063477e-01
5.4323887825012207e-01
5.4170441627502441e-01
5.4230928421020508e-01
5.4443424940109253e-01
5.4559028148651123e-01
5.4531955718994141e-01
5.4492431879043579e-01
5.4665422439575195e-01
5.4890358448028564e-01
5.5112588405609131e-01
5.5308508872985840e-01
5.5436152219772339e-01
5.5341827869415283e-01
5.5351489782333374e-01
5.5199348926544189e-01
5.5179125070571899e-01
5.5398696660995483e-01
5.5372428894042969e-01
5.5557799339294434e-01
5.5784440040588379e-01
5.5615270137786865e-01
5.5584728717803955e-01
5.5716186761856079e-01
5.5840301513671875e-01
5.6033277511596680e-01
5.5902016162872314e-01
5.6022787094116211e-01
5.6243765354156494e-01
5.6149750947952271e-01
5.6091082096099854e-01
5.6111150979995728e-01
5.6128019094467163e-01
5.6178301572799683e-01
5.6015688180923462e-01
5.5994951725006104e-01
5.5916321277618408e-01
5.5982196331024170e-01
5.6176596879959106e-01
5.6024938821792603e-01
5.6067180633544922e-01
5.6235581636428833e-01
5.6035417318344116e-01
5.5964154005050659e-01
5.5808389186859131e-01
5.5870020389556885e-01
5.5905401706695557e-01
5.5981183052062988e-01
5.6018036603927612e-01
5.5795949697494507e-01
5.5815929174423218e-01
5.5837160348892212e-01
5.5704492330551147e-01
5.5465209484100342e-01
5.5381906032562256e-01
5.5139201879501343e-01
5.5332803726196289e-01
5.5372577905654907e-01
5.5492568016052246e-01
5.5667400360107422e-01
5.5863475799560547e-01
5.5699783563613892e-01
5.5666285753250122e-01
5.5651605129241943e-01
5.5781567096710205e-01
5.5837786197662354e-01
5.6046950817108154e-01
5.5876207351684570e-01
5.5770272016525269e-01
5.5939614772796631e-01
5.5867987871170044e-01
5.6044673919677734e-01
5.6150317192077637e-01
5.6129592657089233e-01
5.6015038490295410e-01
5.6212234497070312e-01
5.6028360128402710e-01
5.6187617778778076e-01
5.6234818696975708e-01
5.6325727701187134e-01
5.6510800123214722e-01
5.6356155872344971e-01
5.6246900558471680e-01
5.6085413694381714e-01
5.5940741300582886e-01
5.5989146232604980e-01
5.5832910537719727e-01
5.5654644966125488e-01
5.5522632598876953e-01
5.5716532468795776e-01
5.5488282442092896e-01
5.5327022075653076e-01
5.5147844552993774e-01
5.5122965574264526e-01
5.5182009935379028e-01
5.5360460281372070e-01
5.5173742771148682e-01
5.5217099189758301e-01
5.5017620325088501e-01
5.4962801933288574e-01
5.4953849315643311e-01
5.4918324947357178e-01
5.4819267988204956e-01
5.4698735475540161e-01
5.4874283075332642e-01
5.4896336793899536e-01
5.4752683639526367e-01
5.4540735483169556e-01
5.4504096508026123e-01
5.4635381698608398e-01
5.4739737510681152e-01
5.4669922590255737e-01
5.4880881309509277e-01
5.4671013355255127e-01
5.4674488306045532e-01
5.4537492990493774e-01
5.4601263999938965e-01
5.4681342840194702e-01
5.4599845409393311e-01
5.4761755466461182e-01
5.4818314313888550e-01
5.4742956161499023e-01
5.4542249441146851e-01
5.4650521278381348e-01
5.4774236679077148e-01
5.4852688312530518e-01
5.4923725128173828e-01
5.5089676380157471e-01
5.5002480745315552e-01
5.5103111267089844e-01
5.5009752511978149e-01
5.5134296417236328e-01
5.4994899034500122e-01
5.5026495456695557e-01
5.4830175638198853e-01
5.4654723405838013e-01
5.4503351449966431e-01
5.4389065504074097e-01
5.4229605197906494e-01
5.4261171817779541e-01
5.4069513082504272e-01
5.4227268695831299e-01
5.4408031702041626e-01
5.4216116666793823e-01
5.4387915134429932e-01
5.4368895292282104e-01
5.4261565208435059e-01
5.4291862249374390e-01
5.4148310422897339e-01
5.4177671670913696e-01
5.4162102937698364e-01
5.4286938905715942e-01
5.4457092285156250e-01
5.4461902379989624e-01
5.4489672183990479e-01
5.4577916860580444e-01
5.4458731412887573e-01
5.4355847835540771e-01
5.4404646158218384e-01
5.4414260387420654e-01
5.4210692644119263e-01
5.4381096363067627e-01
5.4312998056411743e-01
5.4187357425689697e-01
5.4190880060195923e-01
5.4145014286041260e-01
5.4061239957809448e-01
5.4128593206405640e-01
5.4181706905364990e-01
5.4153198003768921e-01
5.4054480791091919e-01
5.4130858182907104e-01
5.4058122634887695e-01
5.3938043117523193e-01
5.4036736488342285e-01
5.3934460878372192e-01
5.4002642631530762e-01
5.3804039955139160e-01
5.3936666250228882e-01
5.4071837663650513e-01
5.4106527566909790e-01
5.4030156135559082e-01
5.4091477394104004e-01
5.4096704721450806e-01
5.4229032993316650e-01
5.4124730825424194e-01
5.4023075103759766e-01
5.3849548101425171e-01
5.3850162029266357e-01
5.3998380899429321e-01
5.4036897420883179e-01
5.4043787717819214e-01
5.4164355993270874e-01
5.4338443279266357e-01
5.4425269365310669e-01
5.4358643293380737e-01
5.4298418760299683e-01
5.4115378856658936e-01
5.3925019502639771e-01
5.3727865219116211e-01
5.3718107938766479e-01
5.3633135557174683e-01
5.3708964586257935e-01
5.3827804327011108e-01
5.3825742006301880e-01
5.3808301687240601e-01
5.3641206026077271e-01
5.3517842292785645e-01
5.3507071733474731e-01
5.3664809465408325e-01
5.3485417366027832e-01
5.3322154283523560e-01
5.3220546245574951e-01
5.3297019004821777e-01
5.3335183858871460e-01
5.3176146745681763e-01
5.3347408771514893e-01
5.3482544422149658e-01
5.3351670503616333e-01
5.3338348865509033e-01
5.3431349992752075e-01
5.3531754016876221e-01
5.3341507911682129e-01
5.3366905450820923e-01
5.3451579809188843e-01
5.3538769483566284e-01
5.3692811727523804e-01
5.3537046909332275e-01
5.3640228509902954e-01
5.3802484273910522e-01
5.3649049997329712e-01
5.3560626506805420e-01
5.3459185361862183e-01
5.3570044040679932e-01
5.3415268659591675e-01
5.3502541780471802e-01
5.3415703773498535e-01
5.3290641307830811e-01
5.3448307514190674e-01
5.3540325164794922e-01
5.3387331962585449e-01
5.3560268878936768e-01
5.3682845830917358e-01
5.3620153665542603e-01
5.3686314821243286e-01
5.3665882349014282e-01
5.3637415170669556e-01
5.3689265251159668e-01
5.3620541095733643e-01
5.3652775287628174e-01
5.3513622283935547e-01
5.3357094526290894e-01
5.3308725357055664e-01
5.3173023462295532e-01
5.3227120637893677e-01
5.3083705902099609e-01
5.3217589855194092e-01
5.3243482112884521e-01
5.3135329484939575e-01
5.3192186355590820e-01
5.3198748826980591e-01
5.3127497434616089e-01
5.3282809257507324e-01
5.3375017642974854e-01
5.3235703706741333e-01
5.3066742420196533e-01
5.3068423271179199e-01
5.3028857707977295e-01
5.2922493219375610e-01
5.2902173995971680e-01
5.2777940034866333e-01
5.2706575393676758e-01
5.2679884433746338e-01
5.2501553297042847e-01
5.2551591396331787e-01
5.2416509389877319e-01
5.2400237321853638e-01
5.2250832319259644e-01
5.2346867322921753e-01
5.2444678544998169e-01
5.2506691217422485e-01
5.2647697925567627e-01
5.2773296833038330e-01
5.2616971731185913e-01
5.2455592155456543e-01
5.2462190389633179e-01
5.2346700429916382e-01
5.2493053674697876e-01
5.2354270219802856e-01
5.2312606573104858e-01
5.2343326807022095e-01
5.2388620376586914e-01
5.2455264329910278e-01
5.2466070652008057e-01
5.2430951595306396e-01
5.2539467811584473e-01
5.2563333511352539e-01
5.2705585956573486e-01
5.2606749534606934e-01
5.2703160047531128e-01
5.2656883001327515e-01
5.2613353729248047e-01
5.2472525835037231e-01
5.2575051784515381e-01
5.2533614635467529e-01
5.2615129947662354e-01
5.2760171890258789e-01
5.2875977754592896e-01
5.2985453605651855e-01
5.3054928779602051e-01
5.3097355365753174e-01
5.3099322319030762e-01
5.3138035535812378e-01
5.3135305643081665e-01
5.3158402442932129e-01
5.3212839365005493e-01
5.3050631284713745e-01
5.3133380413055420e-01
5.3163403272628784e-01
5.3038585186004639e-01
5.2915704250335693e-01
5.2810513973236084e-01
5.2900260686874390e-01
5.3012168407440186e-01
5.3087425231933594e-01
5.2978551387786865e-01
5.3030806779861450e-01
5.2965176105499268e-01
5.2830708026885986e-01
5.2956622838973999e-01
5.2821350097656250e-01
5.2811527252197266e-01
5.2732372283935547e-01
5.2630043029785156e-01
5.2557015419006348e-01
5.2606230974197388e-01
5.2750730514526367e-01
5.2656131982803345e-01
5.2655500173568726e-01
5.2744090557098389e-01
5.2884310483932495e-01
5.2763819694519043e-01
5.2693527936935425e-01
5.2710551023483276e-01
5.2754825353622437e-01
5.2873724699020386e-01
5.2783489227294922e-01
5.2837145328521729e-01
5.2876156568527222e-01
5.2981132268905640e-01
5.3079527616500854e-01
5.3164839744567871e-01
5.3008651733398438e-01
5.3034663200378418e-01
5.3069406747817993e-01
5.3151273727416992e-01
5.3236413002014160e-01
5.3163433074951172e-01
5.3023797273635864e-01
5.3142744302749634e-01
5.3034257888793945e-01
5.2928012609481812e-01
5.2879941463470459e-01
5.2858632802963257e-01
5.2816796302795410e-01
5.2860927581787109e-01
5.2730441093444824e-01
5.2671974897384644e-01
5.2786797285079956e-01
5.2818071842193604e-01
5.2689296007156372e-01
5.2783524990081787e-01
5.2859777212142944e-01
5.2824687957763672e-01
5.2779555320739746e-01
5.2743190526962280e-01
5.2668362855911255e-01
5.2696990966796875e-01
5.2558100223541260e-01
5.2681821584701538e-01
5.2657687664031982e-01
5.2774661779403687e-01
5.2826631069183350e-01
5.2811342477798462e-01
5.2799528837203979e-01
5.2731674909591675e-01
5.2642709016799927e-01
5.2560687065124512e-01
5.2581954002380371e-01
5.2517330646514893e-01
5.2398353815078735e-01
5.2473413944244385e-01
5.2464687824249268e-01
5.2457755804061890e-01
5.2359914779663086e-01
5.2468580007553101e-01
5.2352654933929443e-01
5.2286326885223389e-01
5.2186626195907593e-01
5.2031087875366211e-01
5.2152442932128906e-01
5.2085232734680176e-01
5.2177959680557251e-01
5.2221935987472534e-01
5.2277189493179321e-01
5.2175402641296387e-01
5.2033811807632446e-01
5.2172327041625977e-01
5.2254140377044678e-01
5.2133727073669434e-01
5.2241700887680054e-01
5.2150267362594604e-01
5.2298450469970703e-01
5.2307099103927612e-01
5.2355748414993286e-01
5.2343004941940308e-01
5.2440196275711060e-01
5.2556502819061279e-01
5.2618014812469482e-01
5.2586758136749268e-01
5.2491652965545654e-01
5.2591055631637573e-01
5.2484446763992310e-01
5.2534210681915283e-01
5.2478718757629395e-01
5.2430349588394165e-01
5.2437669038772583e-01
